Dog
Cat
Lion
Elephant
Giraffe
Penguin
Dolphin
Eagle
Bear
Zebra
Monkey
Whale
Tiger
Panda
Kangaroo
Rhinoceros
Hippopotamus
Cheetah
Koala
Crocodile