Alligator,Armadillo,Bass,Bear,Bee,Cobra,Cheetah,Dog,Eagle,Ferret,Fish,Giraffe,Hedgehog,Horse,Jaguar,Kangaroo,Lion,Mole,Narwhal,Opossum,Penguin,Rabbit,Rat,Raven,Snake,Tiger,Turtle,Whale,Wolf,Woodpecker,Monkey,Newt,Octopus,Parrot